9.750000000000000000e+00
1.475000000000000000e+01
1.641666666666667140e+01
1.750000000000000000e+01
2.083333333333332860e+01
3.125000000000000000e+01
3.200000000000000000e+01
3.350000000000000000e+01
3.641666666666667140e+01
4.125000000000000000e+01
4.200000000000000000e+01
4.350000000000000000e+01
4.450000000000000000e+01
5.600000000000000000e+01
5.650000000000000000e+01
5.816666666666667140e+01
5.883333333333332860e+01
5.966666666666667140e+01
6.225000000000000000e+01
6.416666666666667140e+01
6.666666666666667140e+01
6.800000000000000000e+01
6.250000000000000000e+00
8.333333333333328596e+00
1.091666666666667140e+01
1.325000000000000000e+01
1.733333333333332860e+01
1.950000000000000000e+01
2.050000000000000000e+01
3.016666666666667140e+01
3.200000000000000000e+01
3.475000000000000000e+01
3.700000000000000000e+01
3.900000000000000000e+01
4.050000000000000000e+01
4.275000000000000000e+01
5.575000000000000000e+01
6.083333333333334281e+01
6.683333333333334281e+01
8.950000000000002842e+00
1.291666666666666430e+01
1.825000000000000000e+01
2.200000000000000000e+01
3.233333333333332860e+01
3.725000000000000000e+01
4.011666666666666003e+01
4.433333333333332860e+01
5.600000000000000000e+01
6.026666666666666572e+01
6.084999999999999432e+01
6.516666666666667140e+01
6.859999999999999432e+01
7.166666666666667851e+00
1.000000000000000000e+01
1.100000000000000000e+01
1.400000000000000000e+01
1.750000000000000000e+01
2.200000000000000000e+01
3.125000000000000000e+01
3.525000000000000000e+01
3.800000000000000000e+01
4.100000000000000000e+01
4.600000000000000000e+01
5.750000000000000000e+01
1.100000000000000000e+01
1.350000000000000000e+01
1.550000000000000000e+01
2.000000000000000000e+01
2.666666666666667140e+01
3.000000000000000000e+01
3.500000000000000000e+01
3.650000000000000000e+01
3.850000000000000000e+01
4.200000000000000000e+01
1.000000000000000000e+01
1.800000000000000000e+01
2.100000000000000000e+01
4.000000000000000000e+01
4.191666666666668561e+01
4.500000000000000000e+01
5.500000000000000000e+01
6.000000000000000000e+01
9.500000000000000000e+00
1.150000000000000000e+01
1.325000000000000000e+01
1.575000000000000000e+01
1.700000000000000000e+01
1.850000000000000000e+01
2.300000000000000000e+01
3.275000000000000000e+01
3.725000000000000000e+01
4.125000000000000000e+01
4.316666666666668561e+01
4.500000000000000000e+01
4.683333333333331439e+01
5.683333333333331439e+01
5.775000000000000000e+01
5.883333333333331439e+01
6.275000000000000000e+01
6.758333333333331439e+01
7.025000000000000000e+01
8.833333333333342807e+00
1.308333333333334281e+01
1.458333333333334281e+01
1.850000000000000000e+01
2.775000000000000000e+01
3.050000000000000000e+01
3.275000000000000000e+01
3.500000000000000000e+01
3.875000000000000000e+01
4.166666666666665719e+01
5.175000000000000000e+01
5.450000000000000000e+01
5.775000000000000000e+01
5.900000000000000000e+01
6.250000000000000000e+01
6.558333333333334281e+01
6.500000000000000000e+00
1.300000000000000000e+01
1.533333333333334281e+01
2.016666666666665719e+01
2.200000000000000000e+01
3.050000000000000000e+01
3.400000000000000000e+01
3.750000000000000000e+01
3.933333333333334281e+01
4.300000000000000000e+01
4.600000000000000000e+01
5.400000000000000000e+01
5.600000000000000000e+01
5.800000000000000000e+01
6.400000000000000000e+01
6.750000000000000000e+01
1.051666666666665151e+01
1.255000000000001137e+01
1.489999999999997726e+01
2.083333333333331439e+01
2.100000000000000000e+01
2.325000000000000000e+01
3.414999999999997726e+01
3.793333333333333712e+01
4.300000000000000000e+01
4.619999999999998863e+01
5.700000000000000000e+01
6.258333333333331439e+01
6.528333333333335986e+01
6.925000000000000000e+01
1.000000000000000000e+01
1.433333333333332860e+01
1.925000000000000000e+01
3.300000000000000000e+01
4.025000000000000000e+01
4.283333333333334281e+01
5.700000000000000000e+01
6.250000000000000000e+01
6.625000000000000000e+01
8.750000000000000000e+00
1.275000000000000000e+01
1.550000000000000000e+01
1.691666666666667140e+01
1.975000000000000000e+01
3.116666666666667140e+01
3.575000000000000000e+01
3.950000000000000000e+01
4.116666666666667140e+01
4.350000000000000000e+01
4.450000000000000000e+01
5.516666666666667140e+01
5.966666666666665719e+01
6.350000000000000000e+01
6.725000000000000000e+01
6.858333333333334281e+01
6.925000000000000000e+01
8.666666666666664298e+00
1.133333333333333570e+01
1.550000000000000000e+01
2.100000000000000000e+01
2.150000000000000000e+01
3.400000000000000000e+01
3.625000000000000000e+01
4.125000000000000000e+01
4.425000000000000000e+01
5.600000000000000000e+01
6.050000000000000000e+01
6.150000000000000000e+01
6.575000000000000000e+01
6.750000000000000000e+01
6.900000000000000000e+01
9.250000000000000000e+00
1.266666666666667140e+01
1.366666666666667140e+01
1.816666666666667140e+01
3.400000000000000000e+01
3.783333333333332860e+01
4.050000000000000000e+01
4.250000000000000000e+01
4.400000000000000000e+01
4.600000000000000000e+01
5.750000000000000000e+01
6.050000000000000000e+01
6.525000000000000000e+01
6.800000000000000000e+01
4.416666666666667851e+00
8.916666666666664298e+00
1.325000000000000000e+01
1.625000000000000000e+01
1.700000000000000000e+01
2.658333333333333570e+01
3.091666666666666430e+01
3.383333333333333570e+01
3.950000000000000000e+01
4.091666666666667140e+01
4.200000000000000000e+01
4.450000000000000000e+01
5.350000000000000000e+01
5.703333333333333144e+01
6.148333333333333428e+01
6.473333333333333428e+01
