2.466000000000000014e+01
1.222000000000000064e+01
8.659999999999999432e+01
8.160000000000000142e+00
8.160000000000000142e+00
1.222000000000000064e+01
5.500000000000000000e+00
2.410000000000000142e+01
7.729999999999999716e+01
5.461999999999999744e+01
8.160000000000000142e+00
7.509999999999999787e+00
5.234999999999999432e+01
2.232999999999999829e+01
5.500000000000000000e+00
7.679999999999999716e+00
2.379999999999999716e+01
7.679999999999999716e+00
9.887000000000000455e+01
8.359999999999999432e+00
1.535999999999999943e+01
7.679999999999999716e+00
1.212000000000000099e+01
5.250000000000000000e+00
4.421000000000000085e+01
5.399999999999999467e+00
7.351999999999999602e+01
1.919999999999999929e+01
3.053000000000000114e+01
1.212000000000000099e+01
5.399999999999999467e+00
3.412000000000000455e+01
1.275000000000000000e+01
3.600000000000000000e+01
2.610000000000000000e+02
2.581000000000000227e+01
5.182999999999999829e+01
1.221400000000000006e+02
4.603999999999999915e+01
5.924000000000000199e+01
4.392000000000000171e+01
2.098499999999999943e+02
7.750000000000000000e+01
6.037999999999999545e+01
1.041599999999999966e+02
6.987999999999999545e+01
1.083300000000000125e+02
4.793000000000000682e+01
8.160000000000000142e+00
8.325000000000000000e+01
1.176999999999999957e+01
5.196999999999999886e+01
2.480999999999999872e+01
2.317999999999999972e+01
4.800000000000000711e+01
1.409999999999999964e+01
5.610000000000000142e+01
1.508000000000000007e+01
1.321999999999999886e+01
4.448000000000000398e+01
2.317999999999999972e+01
4.478999999999999915e+01
1.532000000000000028e+01
5.132999999999999829e+01
2.832999999999999829e+01
3.153000000000000114e+01
1.962999999999999901e+01
1.482999999999999829e+01
8.951000000000000512e+01
7.349999999999999645e+00
5.653000000000000114e+01
6.309999999999999609e+00
2.317999999999999972e+01
1.156000000000000050e+01
1.673999999999999844e+01
1.673999999999999844e+01
1.491000000000000014e+01
2.385000000000000142e+01
1.174300000000000068e+02
1.105000000000000071e+01
1.491000000000000014e+01
2.100000000000000000e+01
3.140999999999999659e+01
2.317999999999999972e+01
6.010000000000000853e+01
2.645000000000000284e+01
2.317999999999999972e+01
6.238000000000000966e+01
5.092999999999999261e+01
3.653999999999999915e+01
3.037999999999999901e+01
2.877000000000000313e+01
4.245999999999999375e+01
9.987000000000000455e+01
2.976000000000000156e+01
3.536999999999999744e+01
8.269999999999999574e+00
3.121000000000000085e+01
8.559999999999999432e+01
1.077999999999999972e+02
2.317999999999999972e+01
3.521999999999999886e+01
5.618999999999999773e+01
2.507999999999999829e+01
3.908999999999999631e+01
3.203000000000000114e+01
3.069000000000000128e+01
2.518000000000000327e+01
7.899999999999999467e+00
1.757999999999999829e+01
1.943999999999999773e+01
3.200000000000000000e+01
1.319999999999999929e+01
2.472000000000000597e+01
8.230000000000000426e+00
1.757999999999999829e+01
4.835999999999999943e+01
2.975000000000000000e+01
1.035000000000000000e+02
5.210999999999999943e+01
3.284600000000000364e+02
5.750999999999999801e+01
8.056000000000000227e+01
3.531000000000000227e+01
8.956999999999999318e+01
5.867000000000000171e+01
1.798999999999999773e+02
1.049099999999999966e+02
2.994999999999999929e+01
1.125099999999999909e+02
1.246899999999999977e+02
1.812200000000000273e+02
2.008000000000000114e+02
1.076999999999999957e+01
1.735999999999999943e+01
3.810000000000000142e+01
2.962000000000000099e+01
3.045000000000000000e+02
1.000000000000000000e+01
1.076999999999999957e+01
3.494999999999999574e+01
1.053599999999999994e+02
3.089000000000000057e+01
7.179999999999999716e+00
8.625000000000000000e+01
8.160000000000000142e+00
9.834999999999999432e+01
4.125000000000000000e+01
4.636999999999999744e+01
3.078999999999999915e+01
2.165000000000000213e+01
6.721999999999999886e+01
6.610999999999998522e+01
6.181000000000000227e+01
8.189999999999999503e+00
8.710000000000000853e+00
2.996999999999999886e+01
2.803000000000000114e+01
1.200000000000000000e+01
9.539999999999999147e+00
3.353999999999999915e+01
2.733999999999999631e+01
1.545999999999999908e+01
3.746000000000000085e+01
8.969999999999998863e+00
1.235999999999999943e+01
1.328999999999999915e+01
2.476000000000000156e+01
2.528000000000000114e+01
3.041000000000000014e+01
2.158999999999999986e+01
1.780000000000000071e+01
2.514999999999999858e+01
3.287999999999999545e+01
4.085999999999999943e+01
2.169999999999999929e+01
3.323999999999999488e+01
2.950000000000000000e+01
6.368999999999999773e+01
9.625000000000000000e+01
5.330000000000000426e+01
7.279999999999999361e+00
6.375000000000000000e+01
1.298000000000000043e+01
1.248000000000000043e+01
4.393999999999999773e+01
2.607999999999999829e+01
2.189999999999999858e+01
3.657000000000000028e+01
2.791000000000000014e+01
8.969999999999998863e+00
2.317999999999999972e+01
3.176999999999999602e+01
2.317999999999999972e+01
3.079999999999999716e+01
3.260000000000000142e+01
7.279999999999999361e+00
1.319999999999999929e+01
3.940000000000000568e+01
1.919999999999999929e+01
4.021999999999999886e+01
5.166999999999999460e+01
2.418999999999999773e+01
1.282000000000000028e+01
3.028999999999999915e+01
1.125999999999999979e+01
7.070000000000000284e+00
2.418999999999999773e+01
2.423999999999999488e+01
2.541999999999999815e+01
9.515999999999999659e+01
1.125999999999999979e+01
1.016999999999999993e+01
6.959999999999999432e+01
2.418999999999999773e+01
1.758999999999999986e+01
5.434000000000000341e+01
9.400000000000000355e+00
