9.333333333333342807e+00
1.050000000000000000e+01
1.283333333333334281e+01
1.333333333333334281e+01
1.466666666666665719e+01
1.683333333333334281e+01
1.783333333333334281e+01
1.933333333333334281e+01
2.025000000000000000e+01
2.208333333333334281e+01
3.508333333333334281e+01
3.591666666666665719e+01
3.700000000000000000e+01
4.100000000000000000e+01
5.966666666666668561e+01
6.116666666666668561e+01
6.366666666666668561e+01
6.716666666666668561e+01
6.850000000000000000e+01
6.925000000000000000e+01
6.975000000000000000e+01
6.416666666666657193e+00
7.833333333333342807e+00
1.016666666666665719e+01
1.116666666666665719e+01
1.316666666666665719e+01
1.525000000000000000e+01
1.916666666666665719e+01
3.183333333333334281e+01
3.300000000000000000e+01
3.500000000000000000e+01
3.708333333333334281e+01
3.950000000000000000e+01
4.083333333333334281e+01
4.316666666666665719e+01
5.541666666666665719e+01
5.733333333333334281e+01
5.900000000000000000e+01
6.250000000000000000e+01
6.350000000000000000e+01
6.516666666666668561e+01
6.716666666666668561e+01
1.100000000000000000e+01
1.300000000000000000e+01
1.466666666666665719e+01
1.733333333333334281e+01
2.033333333333334281e+01
3.600000000000000000e+01
3.675000000000000000e+01
5.983333333333334281e+01
6.283333333333334281e+01
6.550000000000000000e+01
7.500000000000000000e+00
1.025000000000000000e+01
1.250000000000000000e+01
1.625000000000000000e+01
1.816666666666665719e+01
2.100000000000000000e+01
3.250000000000000000e+01
3.375000000000000000e+01
4.100000000000000000e+01
4.300000000000000000e+01
4.575000000000000000e+01
5.650000000000000000e+01
5.850000000000000000e+01
6.100000000000000000e+01
6.350000000000000000e+01
6.675000000000000000e+01
6.975000000000000000e+01
1.166666666666665719e+01
1.350000000000000000e+01
1.550000000000000000e+01
1.683333333333334281e+01
1.950000000000000000e+01
2.050000000000000000e+01
2.200000000000000000e+01
3.050000000000000000e+01
3.166666666666665719e+01
3.500000000000000000e+01
3.716666666666665719e+01
5.433333333333331439e+01
5.866666666666668561e+01
6.133333333333331439e+01
6.266666666666668561e+01
6.550000000000000000e+01
6.683333333333331439e+01
7.250000000000000000e+00
8.500000000000000000e+00
1.050000000000000000e+01
1.100000000000000000e+01
1.250000000000000000e+01
1.400000000000000000e+01
1.700000000000000000e+01
1.775000000000000000e+01
3.100000000000000000e+01
3.700000000000000000e+01
3.791666666666665719e+01
4.050000000000000000e+01
4.200000000000000000e+01
4.275000000000000000e+01
4.550000000000000000e+01
5.600000000000000000e+01
5.925000000000000000e+01
5.975000000000000000e+01
6.308333333333334281e+01
6.450000000000000000e+01
6.625000000000000000e+01
6.700000000000000000e+01
6.900000000000000000e+01
1.100000000000000000e+01
1.300000000000000000e+01
1.350000000000000000e+01
1.500000000000000000e+01
1.750000000000000000e+01
1.925000000000000000e+01
2.100000000000000000e+01
2.398333333333332007e+01
3.300000000000000000e+01
3.350000000000000000e+01
3.525000000000000000e+01
3.750000000000000000e+01
4.150000000000000000e+01
4.216666666666668561e+01
4.366666666666668561e+01
4.450000000000000000e+01
5.800000000000000000e+01
5.850000000000000000e+01
6.025000000000000000e+01
6.250000000000000000e+01
6.550000000000000000e+01
6.600000000000000000e+01
6.700000000000000000e+01
6.975000000000000000e+01
8.416666666666657193e+00
1.041666666666665719e+01
1.233333333333334281e+01
1.475000000000000000e+01
1.650000000000000000e+01
2.041666666666665719e+01
2.241666666666665719e+01
3.225000000000000000e+01
3.425000000000000000e+01
3.850000000000000000e+01
4.033333333333334281e+01
4.250000000000000000e+01
4.441666666666665719e+01
4.666666666666665719e+01
5.658333333333334281e+01
5.833333333333334281e+01
6.058333333333334281e+01
6.258333333333334281e+01
6.433333333333334281e+01
6.625000000000000000e+01
6.850000000000000000e+01
7.058333333333334281e+01
8.500000000000000000e+00
1.050000000000000000e+01
1.200000000000000000e+01
1.525000000000000000e+01
1.800000000000000000e+01
2.100000000000000000e+01
3.075000000000000000e+01
3.350000000000000000e+01
3.750000000000000000e+01
4.000000000000000000e+01
4.300000000000000000e+01
5.450000000000000000e+01
5.750000000000000000e+01
5.925000000000000000e+01
6.200000000000000000e+01
6.500000000000000000e+01
6.750000000000000000e+01
1.150000000000000000e+01
1.500000000000000000e+01
1.748333333333332007e+01
2.000000000000000000e+01
2.183333333333334281e+01
3.475000000000000000e+01
3.800000000000000000e+01
3.875000000000000000e+01
4.300000000000000000e+01
5.859999999999999432e+01
6.126666666666667993e+01
6.225000000000000000e+01
6.378333333333333144e+01
6.500000000000000000e+01
6.751666666666665151e+01
1.050000000000000000e+01
1.283333333333334281e+01
1.366666666666665719e+01
1.516666666666665719e+01
1.700000000000000000e+01
3.300000000000000000e+01
3.525000000000000000e+01
3.983333333333334281e+01
4.083333333333334281e+01
5.700000000000000000e+01
5.925000000000000000e+01
6.150000000000000000e+01
6.450000000000000000e+01
6.725000000000000000e+01
7.000000000000000000e+00
9.000000000000000000e+00
1.116666666666665719e+01
1.591666666666665719e+01
1.658333333333334281e+01
1.775000000000000000e+01
2.033333333333334281e+01
3.075000000000000000e+01
3.275000000000000000e+01
3.433333333333334281e+01
3.575000000000000000e+01
3.908333333333334281e+01
4.166666666666665719e+01
4.400000000000000000e+01
4.625000000000000000e+01
5.433333333333334281e+01
5.733333333333334281e+01
6.058333333333334281e+01
6.266666666666665719e+01
6.475000000000000000e+01
6.716666666666668561e+01
6.925000000000000000e+01
8.000000000000000000e+00
1.000000000000000000e+01
1.225000000000000000e+01
1.400000000000000000e+01
1.625000000000000000e+01
1.850000000000000000e+01
2.100000000000000000e+01
2.250000000000000000e+01
3.125000000000000000e+01
3.450000000000000000e+01
3.675000000000000000e+01
3.875000000000000000e+01
3.950000000000000000e+01
4.125000000000000000e+01
4.300000000000000000e+01
4.700000000000000000e+01
5.625000000000000000e+01
5.875000000000000000e+01
6.125000000000000000e+01
6.175000000000000000e+01
6.275000000000000000e+01
6.500000000000000000e+01
1.025000000000000000e+01
1.600000000000000000e+01
2.008333333333334281e+01
3.383333333333334281e+01
3.650000000000000000e+01
3.950000000000000000e+01
4.050000000000000000e+01
4.508333333333334281e+01
7.000000000000000000e+00
9.000000000000000000e+00
1.100000000000000000e+01
1.425000000000000000e+01
1.650000000000000000e+01
1.750000000000000000e+01
1.850000000000000000e+01
2.000000000000000000e+01
2.950000000000000000e+01
3.200000000000000000e+01
3.300000000000000000e+01
3.500000000000000000e+01
3.600000000000000000e+01
3.883333333333334281e+01
4.133333333333331439e+01
4.316666666666668561e+01
5.383333333333331439e+01
5.600000000000000000e+01
5.875000000000000000e+01
6.200000000000000000e+01
6.350000000000000000e+01
6.500000000000000000e+01
6.700000000000000000e+01
