8.160000000000000142e+00
9.190000000000001279e+00
8.160000000000000142e+00
3.000000000000000000e+01
2.342999999999999972e+01
2.610000000000000142e+01
5.240000000000000213e+00
6.929999999999999716e+00
1.561999999999999922e+01
1.561999999999999922e+01
2.189000000000000057e+01
5.570000000000000284e+00
2.016000000000000014e+01
3.940000000000000568e+01
1.200000000000000000e+01
3.123999999999999844e+01
7.259999999999999787e+00
3.123999999999999844e+01
1.114000000000000057e+01
8.160000000000000142e+00
8.160000000000000142e+00
1.144999999999999929e+01
1.143999999999999950e+01
9.299999999999998934e+00
9.000000000000000000e+00
1.280999999999999872e+01
1.532000000000000028e+01
6.150000000000000355e+00
1.144999999999999929e+01
1.143999999999999950e+01
9.179999999999999716e+00
1.271999999999999886e+01
1.332000000000000028e+01
1.101000000000000156e+01
1.105000000000000071e+01
1.430000000000000071e+01
9.369999999999999218e+00
8.160000000000000142e+00
1.292999999999999972e+01
9.100000000000001421e+00
9.239999999999998437e+00
1.296000000000000085e+01
1.158999999999999986e+01
1.980000000000000071e+01
1.158999999999999986e+01
1.259999999999999964e+01
2.516999999999999815e+01
8.160000000000000142e+00
1.960999999999999943e+01
8.160000000000000142e+00
9.160000000000000142e+00
1.374000000000000021e+01
1.092999999999999972e+01
1.092999999999999972e+01
7.879999999999999893e+00
1.092999999999999972e+01
5.250000000000000000e+00
1.092999999999999972e+01
1.126999999999999957e+01
1.585000000000000142e+01
1.092999999999999972e+01
1.585000000000000142e+01
1.126999999999999957e+01
1.126999999999999957e+01
5.400000000000000355e+00
9.599999999999999645e+00
8.589999999999999858e+00
9.039999999999999147e+00
1.174000000000000021e+01
1.253999999999999915e+01
6.299999999999999822e+00
1.304000000000000092e+01
2.687999999999999901e+01
9.580000000000000071e+00
1.635000000000000142e+01
6.049999999999999822e+00
1.635000000000000142e+01
2.360999999999999943e+01
1.304000000000000092e+01
9.900000000000000355e+00
1.878999999999999915e+01
1.962999999999999901e+01
1.401999999999999957e+01
3.351000000000000512e+01
1.313000000000000078e+01
3.771999999999999176e+01
1.673999999999999844e+01
2.780000000000000071e+01
5.060000000000000497e+00
2.780000000000000071e+01
3.579999999999999716e+01
1.673999999999999844e+01
6.750000000000000000e+00
4.454000000000000625e+01
1.207000000000000028e+01
6.750000000000000000e+00
2.780000000000000071e+01
1.673999999999999844e+01
6.750000000000000000e+00
2.780000000000000071e+01
1.673999999999999844e+01
1.015000000000000036e+01
8.890000000000000568e+00
2.780000000000000071e+01
1.400000000000000000e+01
1.673999999999999844e+01
7.099999999999999645e+00
2.780000000000000071e+01
7.099999999999999645e+00
7.679999999999999716e+00
1.158999999999999986e+01
1.019999999999999929e+01
1.302999999999999936e+01
1.158999999999999986e+01
1.855999999999999872e+01
9.069999999999998508e+00
9.069999999999998508e+00
1.158999999999999986e+01
1.019999999999999929e+01
1.302999999999999936e+01
9.069999999999998508e+00
3.000000000000000000e+01
1.019999999999999929e+01
9.759999999999999787e+00
1.302999999999999936e+01
9.069999999999998508e+00
1.019999999999999929e+01
1.855999999999999872e+01
9.599999999999999645e+00
9.069999999999998508e+00
1.019999999999999929e+01
1.302999999999999936e+01
1.158999999999999986e+01
1.184999999999999787e+01
1.253000000000000114e+01
7.179999999999999716e+00
1.576000000000000156e+01
1.119999999999999929e+01
1.232000000000000028e+01
1.683999999999999986e+01
1.201000000000000156e+01
6.509999999999999787e+00
2.578000000000000114e+01
6.220000000000000639e+00
5.250000000000000000e+00
1.113999999999999879e+01
1.683999999999999986e+01
1.201999999999999957e+01
5.250000000000000000e+00
1.732999999999999829e+01
1.008000000000000007e+01
1.671000000000000085e+01
6.330000000000000071e+00
1.201999999999999957e+01
5.549999999999999822e+00
1.800000000000000000e+01
2.317999999999999972e+01
2.326999999999999957e+01
1.439999999999999858e+01
4.192000000000000171e+01
3.222999999999999687e+01
1.105000000000000071e+01
2.051999999999999957e+01
2.051999999999999957e+01
1.707999999999999829e+01
4.192000000000000171e+01
1.144000000000000128e+01
2.200000000000000000e+01
8.780000000000001137e+00
1.681000000000000227e+01
1.799000000000000199e+01
4.192000000000000171e+01
1.816000000000000369e+01
1.960999999999999943e+01
1.860000000000000142e+01
1.614999999999999858e+01
1.809999999999999787e+01
2.493999999999999773e+01
1.295999999999999908e+01
1.860000000000000142e+01
1.093999999999999950e+01
1.246999999999999886e+01
1.816000000000000369e+01
1.614999999999999858e+01
9.110000000000001208e+00
8.000000000000000000e+00
1.614999999999999858e+01
3.353000000000000114e+01
8.269999999999999574e+00
9.800000000000000711e+00
9.150000000000000355e+00
7.330000000000000071e+00
2.875000000000000000e+01
2.639999999999999858e+01
2.050000000000000000e+01
1.225000000000000000e+01
3.379999999999999716e+01
2.639999999999999858e+01
1.478000000000000114e+01
1.385999999999999943e+01
3.384999999999999432e+01
1.860000000000000142e+01
8.289999999999999147e+00
9.609999999999999432e+00
1.018999999999999950e+01
7.730000000000000426e+00
9.859999999999999432e+00
7.730000000000000426e+00
1.860000000000000142e+01
1.234999999999999964e+01
1.200000000000000000e+01
1.112000000000000099e+01
1.167000000000000171e+01
9.060000000000000497e+00
9.349999999999999645e+00
5.370000000000000107e+00
1.675000000000000000e+01
1.029000000000000092e+01
1.417999999999999972e+01
1.193999999999999950e+01
1.696999999999999886e+01
1.193999999999999950e+01
7.230000000000000426e+00
1.094999999999999929e+01
5.400000000000000355e+00
8.290000000000000924e+00
5.400000000000000355e+00
5.549999999999999822e+00
1.088000000000000078e+01
5.400000000000000355e+00
1.749000000000000199e+01
1.749000000000000199e+01
5.400000000000000355e+00
8.290000000000000924e+00
6.000000000000000000e+00
1.646999999999999886e+01
1.039000000000000057e+01
1.150000000000000000e+01
5.549999999999999822e+00
1.792999999999999972e+01
5.400000000000000355e+00
1.039000000000000057e+01
8.330000000000000071e+00
5.400000000000000355e+00
8.290000000000000924e+00
8.350000000000001421e+00
2.236999999999999744e+01
1.889999999999999858e+01
9.240000000000000213e+00
1.438000000000000078e+01
7.200000000000000178e+00
4.200000000000000000e+01
7.200000000000000178e+00
2.458999999999999631e+01
2.838000000000000256e+01
1.383999999999999986e+01
1.188000000000000078e+01
1.545000000000000107e+01
8.320000000000000284e+00
1.662999999999999901e+01
1.650000000000000000e+01
8.700000000000001066e+00
1.022000000000000064e+01
8.330000000000000071e+00
1.567999999999999794e+01
1.019999999999999929e+01
9.699999999999999289e+00
8.320000000000000284e+00
1.200000000000000000e+01
3.421000000000000085e+01
8.330000000000000071e+00
1.829999999999999716e+01
8.320000000000000284e+00
1.339999999999999858e+01
1.269999999999999929e+01
2.803000000000000114e+01
